796 1044 196 334 
726 789 77 109 
995 1015 50 84 
797 1027 197 330 
733 795 76 111 
996 1017 52 85 
847 951 239 343 
732 794 74 108 
996 1017 53 86 
753 783 77 111 
951 974 49 82 
997 1017 51 85 
742 802 76 111 
208 233 135 165 
737 969 226 372 
757 788 79 108 
997 1017 52 85 
713 962 223 366 
789 818 76 108 
997 1017 53 84 
790 820 75 106 
997 1017 53 84 
753 868 238 344 
795 827 77 108 
997 1017 53 84 
693 927 218 370 
796 827 77 109 
998 1018 55 85 
843 867 76 105 
655 892 193 384 
779 847 74 108 
997 1018 55 85 
663 874 201 376 
718 817 226 349 
997 1017 55 85 
657 869 199 379 
208 232 136 166 
705 798 227 351 
206 230 135 165 
701 725 104 131 
1098 1117 49 78 
591 854 207 382 
996 1016 51 84 
584 849 215 377 
996 1018 51 83 
204 228 135 165 
740 768 105 131 
998 1019 52 84 
204 228 135 165 
532 797 231 384 
1184 1253 234 292 
205 229 135 165 
509 795 234 385 
1173 1244 232 290 
205 229 135 165 
1171 1255 264 312 
499 799 227 386 
788 820 108 131 
805 833 108 130 
500 784 227 379 
750 769 47 82 
1153 1176 214 249 
597 617 282 310 
581 628 299 345 
749 770 46 82 
839 901 70 114 
749 768 47 83 
850 881 108 129 
